URL,KEYWORD1,FILE,LINES,KEYWORD2,FILE,LINES
